"CView Export Data File: Version 2.0"
"Export From File: d:\phd data old desktop\new paper writing\main paper\pd14 - gf al, inc. current then inc. time, slower ramp 'zig-zag', fourth (best) attempt\electrochem - june 9\pd14-gc2.txt"


  Open Circuit Potential (V): 0.505
"Time (Sec)"	"E (Volts)"
0	0.826
1	2.047
2	2.6
3	2.695
4	2.75
5	2.79
6	2.82
7	2.85
8	2.88
9	2.905
10	2.93
11	2.95
12	2.97
13	2.99
14	3.01
15	3.03
16	3.05
17	3.07
18	3.085
19	3.1
20	3.12
21	3.135
22	3.15
23	3.165
24	3.18
25	3.195
26	3.21
27	3.225
28	3.24
29	3.25
30	3.265
31	3.28
32	3.29
33	3.305
34	3.315
35	3.33
36	3.34
37	3.35
38	3.365
39	3.375
40	3.39
41	3.4
42	3.41
43	3.425
44	3.435
45	3.445
46	3.455
47	3.47
48	3.48
49	3.49
50	3.5
51	3.51
52	3.515
53	3.53
54	3.535
55	3.545
56	3.55
57	3.56
58	3.57
59	3.575
60	3.585
61	3.59
62	3.6
63	3.605
64	3.61
65	3.615
66	3.62
67	3.62
68	3.625
69	3.625
70	3.63
71	3.63
72	3.63
73	3.63
74	3.63
75	3.63
76	3.63
77	3.63
78	3.63
79	3.63
80	3.63
81	3.63
82	3.63
83	3.63
84	3.63
85	3.625
86	3.625
87	3.625
88	3.625
89	3.625
90	3.62
91	3.62
92	3.62
93	3.62
94	3.62
95	3.615
96	3.615
97	3.615
98	3.615
99	3.615
100	3.61
101	3.61
102	3.61
103	3.61
104	3.61
105	3.61
106	3.61
107	3.605
108	3.605
109	3.605
110	3.605
111	3.6
112	3.6
113	3.6
114	3.6
115	3.6
116	3.6
117	3.595
118	3.595
119	3.595
120	3.595
121	3.59
122	3.59
123	3.59
124	3.59
125	3.59
126	3.59
127	3.59
128	3.585
129	3.585
130	3.585
131	3.585
132	3.585
133	3.58
134	3.58
135	3.58
136	3.58
137	3.58
138	3.58
139	3.58
140	3.58
141	3.575
142	3.575
143	3.575
144	3.575
145	3.575
146	3.575
147	3.57
148	3.57
149	3.57
150	3.57
151	3.57
152	3.57
153	3.57
154	3.57
155	3.57
156	3.57
157	3.565
158	3.565
159	3.565
160	3.565
161	3.565
162	3.565
163	3.565
164	3.56
165	3.56
166	3.56
167	3.56
168	3.56
169	3.56
170	3.56
171	3.555
172	3.555
173	3.555
174	3.555
175	3.555
176	3.555
177	3.555
178	3.555
179	3.55
180	3.55
181	3.55
182	3.55
183	3.55
184	3.55
185	3.55
186	3.55
187	3.55
188	3.55
189	3.545
190	3.545
191	3.545
192	3.545
193	3.545
194	3.545
195	3.545
196	3.545
197	3.54
198	3.54
199	3.54
200	3.54
201	3.54
202	3.54
203	3.54
204	3.54
205	3.54
206	3.535
207	3.535
208	3.535
209	3.535
210	3.535
211	3.535
212	3.535
213	3.535
214	3.535
215	3.535
216	3.535
217	3.53
218	3.53
219	3.53
220	3.53
221	3.53
222	3.53
223	3.53
224	3.53
225	3.53
226	3.53
227	3.53
228	3.53
229	3.53
230	3.53
231	3.525
232	3.525
233	3.525
234	3.525
235	3.525
236	3.525
237	3.525
238	3.525
239	3.52
240	3.52
241	3.52
242	3.52
243	3.52
244	3.52
245	3.52
246	3.52
247	3.52
248	3.52
249	3.52
250	3.52
251	3.52
252	3.52
253	3.52
254	3.515
255	3.515
256	3.515
257	3.515
258	3.515
259	3.515
260	3.515
261	3.515
262	3.515
263	3.515
264	3.515
265	3.515
266	3.51
267	3.51
268	3.51
269	3.51
270	3.51
271	3.51
272	3.51
273	3.51
274	3.51
275	3.51
276	3.51
277	3.51
278	3.51
279	3.51
280	3.51
281	3.51
282	3.51
283	3.51
284	3.51
285	3.51
286	3.505
287	3.51
288	3.505
289	3.505
290	3.505
291	3.505
292	3.505
293	3.505
294	3.505
295	3.505
296	3.505
297	3.505
298	3.505
299	3.505
300	3.505
301	3.505
302	3.505
303	3.505
304	3.5
305	3.5
306	3.5
307	3.505
308	3.5
309	3.5
310	3.5
311	3.5
312	3.5
313	3.5
314	3.5
315	3.5
316	3.5
317	3.5
318	3.5
319	3.5
320	3.5
321	3.5
322	3.5
323	3.5
324	3.5
325	3.5
326	3.5
327	3.495
328	3.495
329	3.495
330	3.495
331	3.495
332	3.495
333	3.495
334	3.495
335	3.495
336	3.495
337	3.495
338	3.495
339	3.495
340	3.495
341	3.495
342	3.495
343	3.495
344	3.49
345	3.495
346	3.495
347	3.49
348	3.49
349	3.49
350	3.49
351	3.49
352	3.49
353	3.49
354	3.49
355	3.49
356	3.49
357	3.49
358	3.49
359	3.49
360	3.49
361	3.49
362	3.49
363	3.49
364	3.49
365	3.49
366	3.49
367	3.49
368	3.49
369	3.49
370	3.49
371	3.49
372	3.49
373	3.49
374	3.49
375	3.49
376	3.49
377	3.49
378	3.49
379	3.49
380	3.49
381	3.49
382	3.49
383	3.49
384	3.485
385	3.485
386	3.485
387	3.485
388	3.485
389	3.485
390	3.485
391	3.485
392	3.485
393	3.485
394	3.485
395	3.485
396	3.485
397	3.485
398	3.485
399	3.485
400	3.485
401	3.485
402	3.485
403	3.48
404	3.485
405	3.485
406	3.48
407	3.48
408	3.48
409	3.48
410	3.48
411	3.48
412	3.48
413	3.48
414	3.48
415	3.48
416	3.48
417	3.48
418	3.48
419	3.48
420	3.48
421	3.48
422	3.48
423	3.48
424	3.48
425	3.48
426	3.48
427	3.48
428	3.48
429	3.48
430	3.48
431	3.48
432	3.48
433	3.48
434	3.48
435	3.475
436	3.48
437	3.48
438	3.48
439	3.48
440	3.475
441	3.475
442	3.475
443	3.475
444	3.475
445	3.475
446	3.475
447	3.475
448	3.475
449	3.475
450	3.475
451	3.475
452	3.475
453	3.475
454	3.475
455	3.475
456	3.475
457	3.475
458	3.475
459	3.475
460	3.475
461	3.475
462	3.475
463	3.475
464	3.475
465	3.475
466	3.475
467	3.475
468	3.475
469	3.475
470	3.475
471	3.475
472	3.475
473	3.47
474	3.47
475	3.47
476	3.47
477	3.47
478	3.47
479	3.47
480	3.47
481	3.47
482	3.47
483	3.47
484	3.47
485	3.47
486	3.47
487	3.47
488	3.47
489	3.47
490	3.47
491	3.47
492	3.47
493	3.47
494	3.47
495	3.47
496	3.47
497	3.47
498	3.47
499	3.47
500	3.47
501	3.03
502	3.01
503	2.99
504	2.97
505	2.955
506	2.945
507	2.935
508	2.925
509	2.92
510	2.91
511	2.905
512	2.9
513	2.895
514	2.89
515	2.885
516	2.88
517	2.88
518	2.875
519	2.87
520	2.87
521	2.865
522	2.865
523	2.86
524	2.855
525	2.855
526	2.855
527	2.85
528	2.85
529	2.845
530	2.845
531	2.84
532	2.84
533	2.84
534	2.835
535	2.835
536	2.83
537	2.83
538	2.83
539	2.83
540	2.825
541	2.825
542	2.82
543	2.82
544	2.82
545	2.82
546	2.815
547	2.815
548	2.815
549	2.81
550	2.81
551	2.81
552	2.81
553	2.81
554	2.805
555	2.805
556	2.8
557	2.8
558	2.8
559	2.8
560	2.795
561	2.795
562	2.795
563	2.79
564	2.79
565	2.79
566	2.79
567	2.79
568	2.79
569	2.785
570	2.785
571	2.785
572	2.785
573	2.78
574	2.78
575	2.78
576	2.78
577	2.775
578	2.775
579	2.775
580	2.775
581	2.77
582	2.77
583	2.77
584	2.77
585	2.77
586	2.77
587	2.765
588	2.765
589	2.765
590	2.765
591	2.76
592	2.76
593	2.76
594	2.76
595	2.76
596	2.755
597	2.755
598	2.755
599	2.755
600	2.755
601	2.75
602	2.75
603	2.75
604	2.75
605	2.75
606	2.75
607	2.745
608	2.745
609	2.745
610	2.745
611	2.74
612	2.74
613	2.74
614	2.74
615	2.74
616	2.735
617	2.735
618	2.735
619	2.735
620	2.735
621	2.73
622	2.73
623	2.73
624	2.73
625	2.73
626	2.73
627	2.725
628	2.725
629	2.725
630	2.725
631	2.725
632	2.72
633	2.72
634	2.72
635	2.72
636	2.72
637	2.715
638	2.715
639	2.715
640	2.715
641	2.71
642	2.71
643	2.71
644	2.71
645	2.71
646	2.71
647	2.705
648	2.705
649	2.705
650	2.705
651	2.705
652	2.7
653	2.7
654	2.7
655	2.7
656	2.695
657	2.695
658	2.695
659	2.695
660	2.695
661	2.69
662	2.69
663	2.69
664	2.69
665	2.69
666	2.69
667	2.69
668	2.685
669	2.685
670	2.685
671	2.68
672	2.68
673	2.68
674	2.68
675	2.68
676	2.675
677	2.675
678	2.675
679	2.675
680	2.67
681	2.67
682	2.67
683	2.67
684	2.67
685	2.665
686	2.665
687	2.665
688	2.665
689	2.66
690	2.66
691	2.66
692	2.66
693	2.66
694	2.655
695	2.655
696	2.655
697	2.65
698	2.65
699	2.65
700	2.65
701	2.65
702	2.65
703	2.645
704	2.645
705	2.645
706	2.64
707	2.64
708	2.64
709	2.64
710	2.64
711	2.635
712	2.635
713	2.63
714	2.63
715	2.63
716	2.63
717	2.63
718	2.625
719	2.625
720	2.625
721	2.62
722	2.62
723	2.62
724	2.62
725	2.615
726	2.615
727	2.615
728	2.61
729	2.61
730	2.61
731	2.61
732	2.605
733	2.605
734	2.6
735	2.6
736	2.6
737	2.6
738	2.595
739	2.595
740	2.595
741	2.59
742	2.59
743	2.59
744	2.585
745	2.585
746	2.585
747	2.58
748	2.58
749	2.58
750	2.575
751	2.575
752	2.57
753	2.57
754	2.57
755	2.565
756	2.565
757	2.565
758	2.56
759	2.56
760	2.56
761	2.555
762	2.55
763	2.55
764	2.55
765	2.55
766	2.545
767	2.54
768	2.54
769	2.535
770	2.535
771	2.535
772	2.53
773	2.53
774	2.525
775	2.525
776	2.52
777	2.52
778	2.52
779	2.515
780	2.51
781	2.51
782	2.51
783	2.505
784	2.5
785	2.5
786	2.495
787	2.495
788	2.49
789	2.49
790	2.485
791	2.485
792	2.48
793	2.48
794	2.475
795	2.47
796	2.47
797	2.465
798	2.46
799	2.46
800	2.455
801	2.45
802	2.45
803	2.445
804	2.44
805	2.44
806	2.435
807	2.43
808	2.43
809	2.425
810	2.42
811	2.415
812	2.41
813	2.41
814	2.405
815	2.4
816	2.395
817	2.39
818	2.385
819	2.38
820	2.375
821	2.37
822	2.37
823	2.36
824	2.355
825	2.35
826	2.345
827	2.34
828	2.335
829	2.33
830	2.32
831	2.32
832	2.31
833	2.305
834	2.295
835	2.29
836	2.285
837	2.275
838	2.27
839	2.26
840	2.25
841	2.245
842	2.23
843	2.225
844	2.21
845	2.2
846	2.19
847	2.18
848	2.165
849	2.15
850	2.135
851	2.12
852	2.1
853	2.08
854	2.06
855	2.035
856	2.01
857	1.985
858	1.955
859	1.925
860	1.89
861	1.856
862	1.815
863	1.772
864	1.728
865	1.685
866	1.642
867	1.6
868	1.56
869	1.521
870	1.484
871	1.449
872	1.414
873	1.38
874	1.347
875	1.314
876	1.282
877	1.251
878	1.221
879	1.19
880	1.161
881	1.131
882	1.102
883	1.073
884	1.043
885	1.014
886	0.983
887	0.953
888	0.921
889	0.889
890	0.855
891	0.819
892	0.782
893	0.742
894	0.7
895	0.654
896	0.604
897	0.55
898	0.49
899	0.424
900	0.352
901	0.274
902	0.192
903	0.106
904	0.02
905	-0.067
905	2.47
906	2.54
907	2.6
908	2.66
909	2.715
910	2.77
911	2.83
912	2.885
913	2.94
914	2.995
915	3.05
916	3.1
917	3.15
918	3.195
919	3.235
920	3.27
921	3.305
922	3.33
923	3.36
924	3.38
925	3.4
926	3.42
927	3.44
928	3.45
929	3.465
930	3.48
931	3.49
932	3.495
933	3.505
934	3.51
935	3.515
936	3.52
937	3.525
938	3.53
939	3.53
940	3.535
941	3.535
942	3.54
943	3.54
944	3.54
945	3.545
946	3.545
947	3.55
948	3.55
949	3.55
950	3.55
951	3.55
952	3.55
953	3.55
954	3.55
955	3.55
956	3.55
957	3.55
958	3.55
959	3.55
960	3.55
961	3.55
962	3.55
963	3.55
964	3.55
965	3.55
966	3.55
967	3.55
968	3.55
969	3.545
970	3.545
971	3.545
972	3.545
973	3.545
974	3.545
975	3.54
976	3.54
977	3.54
978	3.54
979	3.54
980	3.54
981	3.54
982	3.54
983	3.535
984	3.535
985	3.535
986	3.535
987	3.535
988	3.53
989	3.53
990	3.53
991	3.53
992	3.53
993	3.53
994	3.53
995	3.53
996	3.53
997	3.525
998	3.525
999	3.525
1000	3.525
1001	3.525
1002	3.525
1003	3.52
1004	3.52
1005	3.52
1006	3.52
1007	3.52
1008	3.52
1009	3.515
1010	3.515
1011	3.515
1012	3.515
1013	3.515
1014	3.515
1015	3.515
1016	3.51
1017	3.51
1018	3.51
1019	3.51
1020	3.51
1021	3.51
1022	3.51
1023	3.51
1024	3.51
1025	3.51
1026	3.505
1027	3.505
1028	3.505
1029	3.505
1030	3.505
1031	3.505
1032	3.505
1033	3.505
1034	3.5
1035	3.5
1036	3.5
1037	3.5
1038	3.5
1039	3.5
1040	3.5
1041	3.5
1042	3.5
1043	3.495
1044	3.5
1045	3.495
1046	3.495
1047	3.495
1048	3.495
1049	3.495
1050	3.495
1051	3.495
1052	3.495
1053	3.495
1054	3.49
1055	3.49
1056	3.49
1057	3.49
1058	3.49
1059	3.49
1060	3.49
1061	3.49
1062	3.49
1063	3.49
1064	3.49
1065	3.49
1066	3.49
1067	3.49
1068	3.49
1069	3.485
1070	3.49
1071	3.485
1072	3.485
1073	3.485
1074	3.485
1075	3.485
1076	3.485
1077	3.485
1078	3.485
1079	3.485
1080	3.485
1081	3.48
1082	3.48
1083	3.48
1084	3.48
1085	3.48
1086	3.48
1087	3.48
1088	3.48
1089	3.48
1090	3.48
1091	3.48
1092	3.48
1093	3.48
1094	3.48
1095	3.48
1096	3.475
1097	3.475
1098	3.475
1099	3.475
1100	3.475
1101	3.475
1102	3.475
1103	3.475
1104	3.475
1105	3.475
1106	3.475
1107	3.475
1108	3.475
1109	3.475
1110	3.475
1111	3.475
1112	3.475
1113	3.475
1114	3.47
1115	3.47
1116	3.47
1117	3.47
1118	3.47
1119	3.47
1120	3.47
1121	3.47
1122	3.47
1123	3.47
1124	3.47
1125	3.47
1126	3.47
1127	3.47
1128	3.47
1129	3.47
1130	3.47
1131	3.47
1132	3.47
1133	3.47
1134	3.47
1135	3.47
1136	3.47
1137	3.47
1138	3.47
1139	3.47
1140	3.47
1141	3.465
1142	3.465
1143	3.465
1144	3.465
1145	3.465
1146	3.465
1147	3.465
1148	3.465
1149	3.465
1150	3.465
1151	3.465
1152	3.465
1153	3.465
1154	3.465
1155	3.465
1156	3.465
1157	3.465
1158	3.465
1159	3.465
1160	3.46
1161	3.465
1162	3.465
1163	3.465
1164	3.46
1165	3.46
1166	3.46
1167	3.46
1168	3.46
1169	3.46
1170	3.46
1171	3.46
1172	3.46
1173	3.46
1174	3.46
1175	3.46
1176	3.46
1177	3.46
1178	3.46
1179	3.46
1180	3.46
1181	3.46
1182	3.46
1183	3.46
1184	3.46
1185	3.46
1186	3.46
1187	3.46
1188	3.46
1189	3.46
1190	3.46
1191	3.46
1192	3.46
1193	3.455
1194	3.455
1195	3.455
1196	3.455
1197	3.455
1198	3.455
1199	3.455
1200	3.455
1201	3.455
1202	3.455
1203	3.455
1204	3.455
1205	3.455
1206	3.455
1207	3.455
1208	3.455
1209	3.455
1210	3.455
1211	3.455
1212	3.455
1213	3.455
1214	3.455
1215	3.455
1216	3.455
1217	3.455
1218	3.455
1219	3.455
1220	3.455
1221	3.455
1222	3.455
1223	3.455
1224	3.455
1225	3.45
1226	3.455
1227	3.455
1228	3.455
1229	3.45
1230	3.455
1231	3.45
1232	3.45
1233	3.45
1234	3.45
1235	3.45
1236	3.45
1237	3.45
1238	3.45
1239	3.45
1240	3.45
1241	3.45
1242	3.45
1243	3.45
1244	3.45
1245	3.45
1246	3.45
1247	3.45
1248	3.45
1249	3.45
1250	3.45
1251	3.45
1252	3.45
1253	3.45
1254	3.45
1255	3.45
1256	3.45
1257	3.45
1258	3.45
1259	3.45
1260	3.45
1261	3.45
1262	3.45
1263	3.45
1264	3.45
1265	3.45
1266	3.45
1267	3.45
1268	3.45
1269	3.45
1270	3.45
1271	3.45
1272	3.45
1273	3.45
1274	3.45
1275	3.45
1276	3.45
1277	3.45
1278	3.45
1279	3.45
1280	3.45
1281	3.45
1282	3.45
1283	3.45
1284	3.45
1285	3.445
1286	3.45
1287	3.445
1288	3.45
1289	3.45
1290	3.445
1291	3.445
1292	3.445
1293	3.445
1294	3.445
1295	3.445
1296	3.445
1297	3.445
1298	3.445
1299	3.445
1300	3.45
1301	3.445
1302	3.445
1303	3.445
1304	3.445
1305	3.445
1306	3.445
1307	3.445
1308	3.445
1309	3.445
1310	3.445
1311	3.445
1312	3.445
1313	3.445
1314	3.445
1315	3.445
1316	3.445
1317	3.445
1318	3.445
1319	3.445
1320	3.445
1321	3.445
1322	3.445
1323	3.445
1324	3.445
1325	3.445
1326	3.445
1327	3.445
1328	3.445
1329	3.445
1330	3.445
1331	3.445
1332	3.445
1333	3.445
1334	3.445
1335	3.445
1336	3.445
1337	3.44
1338	3.445
1339	3.44
1340	3.44
1341	3.44
1342	3.44
1343	3.44
1344	3.44
1345	3.44
1346	3.44
1347	3.44
1348	3.44
1349	3.44
1350	3.44
1351	3.44
1352	3.44
1353	3.44
1354	3.44
1355	3.44
1356	3.44
1357	3.44
1358	3.44
1359	3.44
1360	3.44
1361	3.44
1362	3.44
1363	3.44
1364	3.44
1365	3.44
1366	3.44
1367	3.44
1368	3.44
1369	3.44
1370	3.44
1371	3.44
1372	3.44
1373	3.44
1374	3.44
1375	3.44
1376	3.44
1377	3.44
1378	3.44
1379	3.44
1380	3.44
1381	3.44
1382	3.44
1383	3.44
1384	3.44
1385	3.44
1386	3.44
1387	3.44
1388	3.44
1389	3.44
1390	3.44
1391	3.44
1392	3.44
1393	3.44
1394	3.44
1395	3.44
1396	3.44
1397	3.44
1398	3.44
1399	3.44
1400	3.44
1401	3.44
1402	3.44
1403	3.44
1404	3.44
1405	3.44
1406	3.05
1407	3.03
1408	3.01
1409	2.995
1410	2.98
1411	2.97
1412	2.96
1413	2.95
1414	2.945
1415	2.935
1416	2.93
1417	2.93
1418	2.92
1419	2.92
1420	2.915
1421	2.91
1422	2.91
1423	2.905
1424	2.9
1425	2.9
1426	2.895
1427	2.895
1428	2.89
1429	2.89
1430	2.89
1431	2.885
1432	2.885
1433	2.88
1434	2.88
1435	2.88
1436	2.875
1437	2.875
1438	2.87
1439	2.87
1440	2.87
1441	2.87
1442	2.865
1443	2.865
1444	2.865
1445	2.865
1446	2.86
1447	2.86
1448	2.86
1449	2.855
1450	2.855
1451	2.855
1452	2.855
1453	2.85
1454	2.85
1455	2.85
1456	2.85
1457	2.85
1458	2.845
1459	2.845
1460	2.845
1461	2.84
1462	2.84
1463	2.84
1464	2.84
1465	2.84
1466	2.835
1467	2.835
1468	2.835
1469	2.83
1470	2.83
1471	2.83
1472	2.83
1473	2.83
1474	2.83
1475	2.83
1476	2.825
1477	2.825
1478	2.825
1479	2.825
1480	2.825
1481	2.82
1482	2.82
1483	2.82
1484	2.82
1485	2.82
1486	2.815
1487	2.815
1488	2.815
1489	2.815
1490	2.815
1491	2.81
1492	2.81
1493	2.81
1494	2.81
1495	2.81
1496	2.81
1497	2.81
1498	2.81
1499	2.805
1500	2.805
1501	2.805
1502	2.805
1503	2.8
1504	2.8
1505	2.8
1506	2.8
1507	2.8
1508	2.8
1509	2.795
1510	2.795
1511	2.795
1512	2.795
1513	2.795
1514	2.79
1515	2.79
1516	2.79
1517	2.79
1518	2.79
1519	2.79
1520	2.79
1521	2.79
1522	2.785
1523	2.785
1524	2.785
1525	2.785
1526	2.78
1527	2.78
1528	2.78
1529	2.78
1530	2.78
1531	2.78
1532	2.78
1533	2.775
1534	2.775
1535	2.775
1536	2.775
1537	2.775
1538	2.775
1539	2.77
1540	2.77
1541	2.77
1542	2.77
1543	2.77
1544	2.77
1545	2.77
1546	2.77
1547	2.77
1548	2.765
1549	2.765
1550	2.765
1551	2.765
1552	2.765
1553	2.76
1554	2.76
1555	2.76
1556	2.76
1557	2.76
1558	2.76
1559	2.76
1560	2.755
1561	2.755
1562	2.755
1563	2.755
1564	2.755
1565	2.75
1566	2.75
1567	2.75
1568	2.75
1569	2.75
1570	2.75
1571	2.75
1572	2.75
1573	2.745
1574	2.745
1575	2.745
1576	2.745
1577	2.745
1578	2.745
1579	2.74
1580	2.74
1581	2.74
1582	2.74
1583	2.74
1584	2.74
1585	2.735
1586	2.735
1587	2.735
1588	2.735
1589	2.735
1590	2.735
1591	2.73
1592	2.73
1593	2.73
1594	2.73
1595	2.73
1596	2.73
1597	2.73
1598	2.725
1599	2.725
1600	2.725
1601	2.725
1602	2.725
1603	2.72
1604	2.72
1605	2.72
1606	2.72
1607	2.72
1608	2.72
1609	2.72
1610	2.715
1611	2.715
1612	2.715
1613	2.715
1614	2.715
1615	2.71
1616	2.71
1617	2.71
1618	2.71
1619	2.71
1620	2.71
1621	2.71
1622	2.705
1623	2.705
1624	2.705
1625	2.705
1626	2.705
1627	2.7
1628	2.7
1629	2.7
1630	2.7
1631	2.695
1632	2.695
1633	2.695
1634	2.695
1635	2.695
1636	2.695
1637	2.695
1638	2.69
1639	2.69
1640	2.69
1641	2.69
1642	2.69
1643	2.69
1644	2.685
1645	2.685
1646	2.685
1647	2.68
1648	2.68
1649	2.68
1650	2.68
1651	2.68
1652	2.68
1653	2.675
1654	2.675
1655	2.675
1656	2.675
1657	2.67
1658	2.67
1659	2.67
1660	2.67
1661	2.67
1662	2.67
1663	2.67
1664	2.665
1665	2.665
1666	2.665
1667	2.66
1668	2.66
1669	2.66
1670	2.66
1671	2.66
1672	2.66
1673	2.655
1674	2.655
1675	2.655
1676	2.65
1677	2.65
1678	2.65
1679	2.65
1680	2.65
1681	2.645
1682	2.645
1683	2.645
1684	2.645
1685	2.64
1686	2.64
1687	2.64
1688	2.64
1689	2.64
1690	2.635
1691	2.635
1692	2.63
1693	2.63
1694	2.63
1695	2.63
1696	2.63
1697	2.625
1698	2.625
1699	2.625
1700	2.62
1701	2.62
1702	2.62
1703	2.62
1704	2.615
1705	2.615
1706	2.615
1707	2.615
1708	2.61
1709	2.61
1710	2.61
1711	2.61
1712	2.605
1713	2.605
1714	2.605
1715	2.6
1716	2.6
1717	2.6
1718	2.595
1719	2.595
1720	2.59
1721	2.59
1722	2.59
1723	2.59
1724	2.585
1725	2.585
1726	2.58
1727	2.58
1728	2.58
1729	2.58
1730	2.575
1731	2.575
1732	2.57
1733	2.57
1734	2.57
1735	2.57
1736	2.565
1737	2.565
1738	2.56
1739	2.56
1740	2.56
1741	2.555
1742	2.55
1743	2.55
1744	2.55
1745	2.55
1746	2.545
1747	2.545
1748	2.54
1749	2.54
1750	2.535
1751	2.535
1752	2.53
1753	2.53
1754	2.53
1755	2.525
1756	2.525
1757	2.52
1758	2.52
1759	2.515
1760	2.515
1761	2.51
1762	2.51
1763	2.505
1764	2.505
1765	2.5
1766	2.5
1767	2.495
1768	2.49
1769	2.49
1770	2.49
1771	2.485
1772	2.48
1773	2.48
1774	2.475
1775	2.47
1776	2.47
1777	2.465
1778	2.46
1779	2.46
1780	2.455
1781	2.45
1782	2.45
1783	2.445
1784	2.44
1785	2.44
1786	2.435
1787	2.43
1788	2.43
1789	2.42
1790	2.42
1791	2.415
1792	2.41
1793	2.405
1794	2.4
1795	2.395
1796	2.39
1797	2.385
1798	2.38
1799	2.375
1800	2.37
1801	2.365
1802	2.36
1803	2.35
1804	2.345
1805	2.34
1806	2.33
1807	2.325
1808	2.32
1809	2.31
1810	2.3
1811	2.29
1812	2.285
1813	2.275
1814	2.265
1815	2.255
1816	2.245
1817	2.235
1818	2.22
1819	2.21
1820	2.195
1821	2.18
1822	2.17
1823	2.15
1824	2.13
1825	2.11
1826	2.09
1827	2.07
1828	2.04
1829	2.01
1830	1.98
1831	1.945
1832	1.905
1833	1.86
1834	1.813
1835	1.758
1836	1.7
1837	1.644
1838	1.593
1839	1.546
1840	1.504
1841	1.464
1842	1.426
1843	1.389
1844	1.354
1845	1.32
1846	1.286
1847	1.253
1848	1.222
1849	1.19
1850	1.159
1851	1.13
1852	1.1
1853	1.072
1854	1.043
1855	1.015
1856	0.986
1857	0.958
1858	0.929
1859	0.9
1860	0.87
1861	0.84
1862	0.81
1863	0.777
1864	0.743
1865	0.708
1866	0.671
1867	0.631
1868	0.589
1869	0.544
1870	0.494
1871	0.441
1872	0.384
1873	0.32
1874	0.253
1875	0.183
1876	0.11
1877	0.036
1878	-0.037
1878	2.495
1879	2.565
1880	2.63
1881	2.695
1882	2.755
1883	2.82
1884	2.88
1885	2.94
1886	2.995
1887	3.05
1888	3.1
1889	3.145
1890	3.185
1891	3.22
1892	3.255
1893	3.285
1894	3.31
1895	3.33
1896	3.35
1897	3.37
1898	3.39
1899	3.405
1900	3.42
1901	3.435
1902	3.445
1903	3.455
1904	3.465
1905	3.475
1906	3.48
1907	3.485
1908	3.49
1909	3.495
1910	3.5
1911	3.5
1912	3.505
1913	3.51
1914	3.51
1915	3.51
1916	3.51
1917	3.51
1918	3.515
1919	3.515
1920	3.515
1921	3.515
1922	3.515
1923	3.515
1924	3.515
1925	3.515
1926	3.515
1927	3.515
1928	3.515
1929	3.515
1930	3.515
1931	3.515
1932	3.515
1933	3.51
1934	3.51
1935	3.51
1936	3.51
1937	3.51
1938	3.51
1939	3.51
1940	3.51
1941	3.51
1942	3.51
1943	3.51
1944	3.505
1945	3.505
1946	3.505
1947	3.505
1948	3.505
1949	3.505
1950	3.5
1951	3.5
1952	3.5
1953	3.5
1954	3.5
1955	3.5
1956	3.5
1957	3.495
1958	3.495
1959	3.495
1960	3.495
1961	3.495
1962	3.495
1963	3.495
1964	3.49
1965	3.49
1966	3.49
1967	3.49
1968	3.49
1969	3.49
1970	3.49
1971	3.49
1972	3.49
1973	3.49
1974	3.49
1975	3.485
1976	3.485
1977	3.485
1978	3.485
1979	3.485
1980	3.485
1981	3.485
1982	3.48
1983	3.48
1984	3.48
1985	3.48
1986	3.48
1987	3.48
1988	3.48
1989	3.48
1990	3.48
1991	3.475
1992	3.475
1993	3.475
1994	3.475
1995	3.475
1996	3.475
1997	3.475
1998	3.475
1999	3.475
2000	3.475
2001	3.47
2002	3.47
2003	3.47
2004	3.47
2005	3.47
2006	3.47
2007	3.47
2008	3.47
2009	3.47
2010	3.47
2011	3.47
2012	3.47
2013	3.47
2014	3.47
2015	3.465
2016	3.465
2017	3.465
2018	3.465
2019	3.465
2020	3.465
2021	3.465
2022	3.465
2023	3.465
2024	3.465
2025	3.46
2026	3.46
2027	3.46
2028	3.46
2029	3.46
2030	3.46
2031	3.46
2032	3.46
2033	3.46
2034	3.46
2035	3.46
2036	3.46
2037	3.46
2038	3.46
2039	3.46
2040	3.46
2041	3.46
2042	3.455
2043	3.455
2044	3.455
2045	3.455
2046	3.455
2047	3.455
2048	3.455
2049	3.455
2050	3.455
2051	3.455
2052	3.455
2053	3.455
2054	3.455
2055	3.455
2056	3.45
2057	3.45
2058	3.45
2059	3.45
2060	3.45
2061	3.45
2062	3.45
2063	3.45
2064	3.45
2065	3.45
2066	3.45
2067	3.45
2068	3.45
2069	3.45
2070	3.45
2071	3.45
2072	3.45
2073	3.45
2074	3.45
2075	3.45
2076	3.45
2077	3.45
2078	3.45
2079	3.45
2080	3.45
2081	3.45
2082	3.45
2083	3.45
2084	3.445
2085	3.45
2086	3.445
2087	3.445
2088	3.445
2089	3.445
2090	3.445
2091	3.445
2092	3.445
2093	3.445
2094	3.445
2095	3.445
2096	3.445
2097	3.445
2098	3.445
2099	3.445
2100	3.445
2101	3.445
2102	3.445
2103	3.445
2104	3.44
2105	3.44
2106	3.44
2107	3.44
2108	3.44
2109	3.44
2110	3.44
2111	3.44
2112	3.44
2113	3.44
2114	3.44
2115	3.44
2116	3.44
2117	3.44
2118	3.44
2119	3.44
2120	3.44
2121	3.44
2122	3.44
2123	3.44
2124	3.44
2125	3.44
2126	3.44
2127	3.44
2128	3.44
2129	3.44
2130	3.44
2131	3.44
2132	3.44
2133	3.44
2134	3.44
2135	3.44
2136	3.44
2137	3.44
2138	3.44
2139	3.435
2140	3.44
2141	3.44
2142	3.435
2143	3.435
2144	3.435
2145	3.435
2146	3.435
2147	3.435
2148	3.435
2149	3.435
2150	3.435
2151	3.435
2152	3.435
2153	3.435
2154	3.435
2155	3.435
2156	3.435
2157	3.435
2158	3.435
2159	3.435
2160	3.435
2161	3.435
2162	3.435
2163	3.435
2164	3.435
2165	3.435
2166	3.435
2167	3.435
2168	3.435
2169	3.435
2170	3.435
2171	3.43
2172	3.435
2173	3.435
2174	3.43
2175	3.43
2176	3.43
2177	3.43
2178	3.43
2179	3.43
2180	3.435
2181	3.43
2182	3.43
2183	3.43
2184	3.43
2185	3.43
2186	3.43
2187	3.43
2188	3.43
2189	3.43
2190	3.43
2191	3.43
2192	3.43
2193	3.43
2194	3.43
2195	3.43
2196	3.43
2197	3.43
2198	3.43
2199	3.43
2200	3.43
2201	3.43
2202	3.43
2203	3.43
2204	3.43
2205	3.43
2206	3.43
2207	3.43
2208	3.43
2209	3.43
2210	3.43
2211	3.43
2212	3.43
2213	3.43
2214	3.43
2215	3.43
2216	3.43
2217	3.43
2218	3.43
2219	3.43
2220	3.43
2221	3.43
2222	3.43
2223	3.43
2224	3.43
2225	3.43
2226	3.43
2227	3.43
2228	3.43
2229	3.43
2230	3.43
2231	3.43
2232	3.43
2233	3.43
2234	3.43
2235	3.43
2236	3.43
2237	3.43
2238	3.43
2239	3.43
2240	3.43
2241	3.43
2242	3.43
2243	3.43
2244	3.43
2245	3.43
2246	3.43
2247	3.425
2248	3.43
2249	3.43
2250	3.43
2251	3.425
2252	3.425
2253	3.43
2254	3.425
2255	3.43
2256	3.425
2257	3.425
2258	3.425
2259	3.425
2260	3.43
2261	3.425
2262	3.43
2263	3.425
2264	3.425
2265	3.425
2266	3.425
2267	3.43
2268	3.425
2269	3.425
2270	3.425
2271	3.425
2272	3.425
2273	3.425
2274	3.425
2275	3.425
2276	3.425
2277	3.425
2278	3.425
2279	3.425
2280	3.425
2281	3.425
2282	3.425
2283	3.425
2284	3.425
2285	3.425
2286	3.425
2287	3.425
2288	3.425
2289	3.425
2290	3.425
2291	3.425
2292	3.425
2293	3.425
2294	3.425
2295	3.425
2296	3.425
2297	3.425
2298	3.425
2299	3.425
2300	3.425
2301	3.425
2302	3.425
2303	3.425
2304	3.425
2305	3.425
2306	3.425
2307	3.425
2308	3.425
2309	3.425
2310	3.425
2311	3.425
2312	3.425
2313	3.425
2314	3.425
2315	3.425
2316	3.425
2317	3.425
2318	3.425
2319	3.425
2320	3.425
2321	3.425
2322	3.425
2323	3.425
2324	3.425
2325	3.425
2326	3.425
2327	3.425
2328	3.425
2329	3.425
2330	3.425
2331	3.425
2332	3.425
2333	3.425
2334	3.425
2335	3.425
2336	3.425
2337	3.425
2338	3.425
2339	3.425
2340	3.425
2341	3.425
2342	3.425
2343	3.425
2344	3.425
2345	3.425
2346	3.425
2347	3.425
2348	3.42
2349	3.425
2350	3.425
2351	3.425
2352	3.425
2353	3.42
2354	3.42
2355	3.42
2356	3.42
2357	3.42
2358	3.42
2359	3.42
2360	3.42
2361	3.42
2362	3.42
2363	3.42
2364	3.42
2365	3.42
2366	3.42
2367	3.42
2368	3.42
2369	3.42
2370	3.42
2371	3.42
2372	3.42
2373	3.42
2374	3.42
2375	3.42
2376	3.42
2377	3.42
2378	3.42
2379	3.05
2380	3.03
2381	3.015
2382	3
2383	2.985
2384	2.975
2385	2.965
2386	2.96
2387	2.95
2388	2.945
2389	2.94
2390	2.935
2391	2.93
2392	2.925
2393	2.92
2394	2.92
2395	2.915
2396	2.91
2397	2.91
2398	2.905
2399	2.905
2400	2.9
2401	2.9
2402	2.895
2403	2.895
2404	2.895
2405	2.89
2406	2.89
2407	2.89
2408	2.885
2409	2.885
2410	2.88
2411	2.88
2412	2.88
2413	2.88
2414	2.875
2415	2.875
2416	2.875
2417	2.87
2418	2.87
2419	2.87
2420	2.87
2421	2.87
2422	2.865
2423	2.865
2424	2.865
2425	2.86
2426	2.86
2427	2.86
2428	2.86
2429	2.855
2430	2.855
2431	2.855
2432	2.855
2433	2.855
2434	2.85
2435	2.85
2436	2.85
2437	2.85
2438	2.85
2439	2.85
2440	2.845
2441	2.845
2442	2.845
2443	2.845
2444	2.84
2445	2.84
2446	2.84
2447	2.84
2448	2.84
2449	2.835
2450	2.835
2451	2.835
2452	2.835
2453	2.83
2454	2.83
2455	2.83
2456	2.83
2457	2.83
2458	2.83
2459	2.83
2460	2.83
2461	2.825
2462	2.825
2463	2.825
2464	2.825
2465	2.82
2466	2.82
2467	2.82
2468	2.82
2469	2.82
2470	2.82
2471	2.82
2472	2.815
2473	2.815
2474	2.815
2475	2.815
2476	2.815
2477	2.81
2478	2.81
2479	2.81
2480	2.81
2481	2.81
2482	2.81
2483	2.81
2484	2.81
2485	2.805
2486	2.805
2487	2.805
2488	2.805
2489	2.805
2490	2.8
2491	2.8
2492	2.8
2493	2.8
2494	2.8
2495	2.8
2496	2.8
2497	2.795
2498	2.795
2499	2.795
2500	2.795
2501	2.795
2502	2.79
2503	2.79
2504	2.79
2505	2.79
2506	2.79
2507	2.79
2508	2.79
2509	2.79
2510	2.785
2511	2.785
2512	2.785
2513	2.785
2514	2.785
2515	2.785
2516	2.78
2517	2.78
2518	2.78
2519	2.78
2520	2.78
2521	2.775
2522	2.775
2523	2.775
2524	2.775
2525	2.775
2526	2.775
2527	2.775
2528	2.775
2529	2.77
2530	2.77
2531	2.77
2532	2.77
2533	2.77
2534	2.77
2535	2.77
2536	2.77
2537	2.77
2538	2.765
2539	2.765
2540	2.765
2541	2.765
2542	2.76
2543	2.76
2544	2.76
2545	2.76
2546	2.76
2547	2.76
2548	2.76
2549	2.755
2550	2.755
2551	2.755
2552	2.755
2553	2.755
2554	2.755
2555	2.75
2556	2.75
2557	2.75
2558	2.75
2559	2.75
2560	2.75
2561	2.75
2562	2.75
2563	2.745
2564	2.745
2565	2.745
2566	2.745
2567	2.745
2568	2.745
2569	2.74
2570	2.74
2571	2.74
2572	2.74
2573	2.74
2574	2.74
2575	2.735
2576	2.735
2577	2.735
2578	2.735
2579	2.735
2580	2.735
2581	2.73
2582	2.73
2583	2.73
2584	2.73
2585	2.73
2586	2.73
2587	2.73
2588	2.725
2589	2.73
2590	2.725
2591	2.725
2592	2.725
2593	2.725
2594	2.72
2595	2.72
2596	2.72
2597	2.72
2598	2.72
2599	2.72
2600	2.715
2601	2.715
2602	2.715
2603	2.715
2604	2.715
2605	2.71
2606	2.71
2607	2.71
2608	2.71
2609	2.71
2610	2.71
2611	2.71
2612	2.705
2613	2.705
2614	2.705
2615	2.705
2616	2.705
2617	2.7
2618	2.7
2619	2.7
2620	2.7
2621	2.695
2622	2.695
2623	2.695
2624	2.695
2625	2.695
2626	2.69
2627	2.69
2628	2.69
2629	2.69
2630	2.69
2631	2.69
2632	2.69
2633	2.69
2634	2.685
2635	2.685
2636	2.685
2637	2.685
2638	2.68
2639	2.68
2640	2.68
2641	2.68
2642	2.675
2643	2.675
2644	2.675
2645	2.675
2646	2.675
2647	2.67
2648	2.67
2649	2.67
2650	2.67
2651	2.67
2652	2.67
2653	2.665
2654	2.665
2655	2.665
2656	2.665
2657	2.66
2658	2.66
2659	2.66
2660	2.66
2661	2.655
2662	2.655
2663	2.655
2664	2.65
2665	2.65
2666	2.65
2667	2.65
2668	2.65
2669	2.645
2670	2.645
2671	2.645
2672	2.645
2673	2.64
2674	2.64
2675	2.64
2676	2.64
2677	2.64
2678	2.635
2679	2.635
2680	2.63
2681	2.63
2682	2.63
2683	2.63
2684	2.63
2685	2.625
2686	2.625
2687	2.625
2688	2.62
2689	2.62
2690	2.62
2691	2.615
2692	2.615
2693	2.615
2694	2.615
2695	2.61
2696	2.61
2697	2.61
2698	2.61
2699	2.605
2700	2.605
2701	2.605
2702	2.6
2703	2.6
2704	2.6
2705	2.595
2706	2.595
2707	2.59
2708	2.59
2709	2.59
2710	2.59
2711	2.585
2712	2.585
2713	2.58
2714	2.58
2715	2.58
2716	2.575
2717	2.575
2718	2.575
2719	2.57
2720	2.57
2721	2.57
2722	2.565
2723	2.565
2724	2.56
2725	2.56
2726	2.56
2727	2.56
2728	2.555
2729	2.55
2730	2.55
2731	2.55
2732	2.545
2733	2.545
2734	2.54
2735	2.54
2736	2.535
2737	2.535
2738	2.53
2739	2.53
2740	2.53
2741	2.525
2742	2.525
2743	2.52
2744	2.52
2745	2.515
2746	2.515
2747	2.51
2748	2.51
2749	2.505
2750	2.505
2751	2.5
2752	2.5
2753	2.495
2754	2.495
2755	2.49
2756	2.49
2757	2.485
2758	2.48
2759	2.48
2760	2.475
2761	2.47
2762	2.47
2763	2.47
2764	2.465
2765	2.46
2766	2.455
2767	2.455
2768	2.45
2769	2.445
2770	2.445
2771	2.44
2772	2.435
2773	2.43
2774	2.43
2775	2.425
2776	2.42
2777	2.415
2778	2.41
2779	2.405
2780	2.4
2781	2.395
2782	2.39
2783	2.385
2784	2.38
2785	2.375
2786	2.37
2787	2.36
2788	2.355
2789	2.35
2790	2.34
2791	2.335
2792	2.33
2793	2.32
2794	2.31
2795	2.3
2796	2.29
2797	2.28
2798	2.27
2799	2.26
2800	2.25
2801	2.235
2802	2.22
2803	2.21
2804	2.19
2805	2.17
2806	2.155
2807	2.13
2808	2.105
2809	2.08
2810	2.045
2811	2.005
2812	1.96
2813	1.91
2814	1.85
2815	1.785
2816	1.722
2817	1.665
2818	1.614
2819	1.568
2820	1.524
2821	1.483
2822	1.444
2823	1.406
2824	1.37
2825	1.334
2826	1.299
2827	1.264
2828	1.23
2829	1.197
2830	1.164
2831	1.133
2832	1.102
2833	1.072
2834	1.042
2835	1.013
2836	0.984
2837	0.955
2838	0.926
2839	0.897
2840	0.868
2841	0.838
2842	0.808
2843	0.776
2844	0.744
2845	0.711
2846	0.676
2847	0.64
2848	0.601
2849	0.559
2850	0.515
2851	0.468
2852	0.416
2853	0.361
2854	0.302
2855	0.238
2856	0.173
2857	0.106
2858	0.038
2859	-0.03
2859	2.525
2860	2.6
2861	2.67
2862	2.74
2863	2.8
2864	2.865
2865	2.925
2866	2.98
2867	3.035
2868	3.085
2869	3.13
2870	3.17
2871	3.205
2872	3.235
2873	3.26
2874	3.285
2875	3.31
2876	3.33
2877	3.35
2878	3.365
2879	3.38
2880	3.395
2881	3.41
2882	3.425
2883	3.435
2884	3.445
2885	3.455
2886	3.46
2887	3.47
2888	3.475
2889	3.48
2890	3.49
2891	3.49
2892	3.495
2893	3.495
2894	3.495
2895	3.5
2896	3.5
2897	3.5
2898	3.5
2899	3.5
2900	3.5
2901	3.5
2902	3.5
2903	3.5
2904	3.5
2905	3.5
2906	3.5
2907	3.5
2908	3.5
2909	3.5
2910	3.5
2911	3.5
2912	3.5
2913	3.5
2914	3.5
2915	3.495
2916	3.495
2917	3.495
2918	3.495
2919	3.495
2920	3.495
2921	3.495
2922	3.495
2923	3.495
2924	3.495
2925	3.49
2926	3.49
2927	3.49
2928	3.49
2929	3.49
2930	3.49
2931	3.49
2932	3.49
2933	3.49
2934	3.49
2935	3.485
2936	3.485
2937	3.485
2938	3.485
2939	3.485
2940	3.48
2941	3.48
2942	3.48
2943	3.48
2944	3.48
2945	3.48
2946	3.48
2947	3.48
2948	3.48
2949	3.475
2950	3.475
2951	3.475
2952	3.475
2953	3.475
2954	3.475
2955	3.475
2956	3.47
2957	3.47
2958	3.47
2959	3.47
2960	3.47
2961	3.47
2962	3.47
2963	3.47
2964	3.47
2965	3.47
2966	3.47
2967	3.47
2968	3.465
2969	3.465
2970	3.465
2971	3.465
2972	3.465
2973	3.465
2974	3.465
2975	3.465
2976	3.465
2977	3.46
2978	3.46
2979	3.46
2980	3.46
2981	3.46
2982	3.46
2983	3.46
2984	3.46
2985	3.46
2986	3.46
2987	3.46
2988	3.455
2989	3.455
2990	3.455
2991	3.455
2992	3.455
2993	3.455
2994	3.455
2995	3.455
2996	3.455
2997	3.455
2998	3.455
2999	3.45
3000	3.45
3001	3.45
3002	3.45
3003	3.45
3004	3.45
3005	3.45
3006	3.45
3007	3.45
3008	3.45
3009	3.45
3010	3.45
3011	3.45
3012	3.45
3013	3.45
3014	3.45
3015	3.45
3016	3.45
3017	3.45
3018	3.445
3019	3.445
3020	3.445
3021	3.45
3022	3.445
3023	3.445
3024	3.445
3025	3.445
3026	3.445
3027	3.445
3028	3.445
3029	3.445
3030	3.445
3031	3.445
3032	3.44
3033	3.44
3034	3.44
3035	3.44
3036	3.44
3037	3.44
3038	3.44
3039	3.44
3040	3.44
3041	3.44
3042	3.44
3043	3.44
3044	3.44
3045	3.44
3046	3.44
3047	3.44
3048	3.44
3049	3.44
3050	3.44
3051	3.44
3052	3.44
3053	3.44
3054	3.44
3055	3.44
3056	3.435
3057	3.435
3058	3.435
3059	3.435
3060	3.435
3061	3.435
3062	3.435
3063	3.435
3064	3.435
3065	3.435
3066	3.435
3067	3.435
3068	3.435
3069	3.435
3070	3.435
3071	3.435
3072	3.435
3073	3.43
3074	3.435
3075	3.43
3076	3.435
3077	3.435
3078	3.43
3079	3.43
3080	3.43
3081	3.43
3082	3.43
3083	3.43
3084	3.43
3085	3.43
3086	3.43
3087	3.43
3088	3.43
3089	3.43
3090	3.43
3091	3.43
3092	3.43
3093	3.43
3094	3.43
3095	3.43
3096	3.43
3097	3.43
3098	3.43
3099	3.43
3100	3.43
3101	3.43
3102	3.43
3103	3.43
3104	3.43
3105	3.43
3106	3.43
3107	3.43
3108	3.43
3109	3.43
3110	3.43
3111	3.43
3112	3.43
3113	3.43
3114	3.43
3115	3.43
3116	3.43
3117	3.43
3118	3.43
3119	3.43
3120	3.425
3121	3.425
3122	3.425
3123	3.425
3124	3.425
3125	3.425
3126	3.425
3127	3.425
3128	3.425
3129	3.425
3130	3.425
3131	3.425
3132	3.425
3133	3.425
3134	3.425
3135	3.425
3136	3.425
3137	3.425
3138	3.425
3139	3.425
3140	3.425
3141	3.425
3142	3.425
3143	3.425
3144	3.425
3145	3.425
3146	3.425
3147	3.425
3148	3.425
3149	3.425
3150	3.425
3151	3.425
3152	3.425
3153	3.425
3154	3.425
3155	3.425
3156	3.425
3157	3.42
3158	3.425
3159	3.425
3160	3.425
3161	3.425
3162	3.42
3163	3.425
3164	3.42
3165	3.42
3166	3.425
3167	3.42
3168	3.42
3169	3.42
3170	3.42
3171	3.42
3172	3.42
3173	3.42
3174	3.42
3175	3.42
3176	3.42
3177	3.42
3178	3.42
3179	3.42
3180	3.42
3181	3.42
3182	3.42
3183	3.42
3184	3.42
3185	3.42
3186	3.42
3187	3.42
3188	3.42
3189	3.42
3190	3.42
3191	3.42
3192	3.42
3193	3.42
3194	3.42
3195	3.42
3196	3.42
3197	3.42
3198	3.42
3199	3.42
3200	3.42
3201	3.42
3202	3.42
3203	3.42
3204	3.42
3205	3.42
3206	3.42
3207	3.42
3208	3.42
3209	3.42
3210	3.42
3211	3.42
3212	3.42
3213	3.42
3214	3.42
3215	3.42
3216	3.42
3217	3.42
3218	3.42
3219	3.42
3220	3.42
3221	3.42
3222	3.42
3223	3.42
3224	3.42
3225	3.42
3226	3.42
3227	3.42
3228	3.42
3229	3.42
3230	3.42
3231	3.415
3232	3.42
3233	3.42
3234	3.415
3235	3.42
3236	3.42
3237	3.42
3238	3.42
3239	3.42
3240	3.42
3241	3.415
3242	3.415
3243	3.415
3244	3.415
3245	3.415
3246	3.415
3247	3.415
3248	3.415
3249	3.415
3250	3.415
3251	3.415
3252	3.42
3253	3.415
3254	3.415
3255	3.415
3256	3.415
3257	3.415
3258	3.415
3259	3.415
3260	3.415
3261	3.415
3262	3.415
3263	3.415
3264	3.415
3265	3.415
3266	3.415
3267	3.415
3268	3.415
3269	3.415
3270	3.415
3271	3.415
3272	3.415
3273	3.415
3274	3.415
3275	3.415
3276	3.415
3277	3.415
3278	3.415
3279	3.415
3280	3.415
3281	3.415
3282	3.415
3283	3.415
3284	3.415
3285	3.415
3286	3.415
3287	3.415
3288	3.415
3289	3.415
3290	3.415
3291	3.415
3292	3.415
3293	3.415
3294	3.415
3295	3.415
3296	3.415
3297	3.415
3298	3.415
3299	3.415
3300	3.415
3301	3.415
3302	3.415
3303	3.415
3304	3.415
3305	3.415
3306	3.415
3307	3.415
3308	3.415
3309	3.415
3310	3.415
3311	3.415
3312	3.415
3313	3.415
3314	3.415
3315	3.415
3316	3.415
3317	3.415
3318	3.415
3319	3.415
3320	3.415
3321	3.415
3322	3.415
3323	3.415
3324	3.415
3325	3.415
3326	3.415
3327	3.415
3328	3.415
3329	3.415
3330	3.415
3331	3.415
3332	3.415
3333	3.415
3334	3.415
3335	3.415
3336	3.415
3337	3.415
3338	3.415
3339	3.415
3340	3.415
3341	3.415
3342	3.415
3343	3.415
3344	3.415
3345	3.415
3346	3.415
3347	3.415
3348	3.415
3349	3.415
3350	3.415
3351	3.415
3352	3.415
3353	3.415
3354	3.415
3355	3.415
3356	3.415
3357	3.415
3358	3.415
3359	3.415
3360	3.05
3361	3.03
3362	3.01
3363	3
3364	2.985
3365	2.975
3366	2.97
3367	2.96
3368	2.95
3369	2.945
3370	2.94
3371	2.935
3372	2.93
3373	2.925
3374	2.92
3375	2.92
3376	2.915
3377	2.91
3378	2.91
3379	2.91
3380	2.905
3381	2.905
3382	2.9
3383	2.9
3384	2.895
3385	2.895
3386	2.895
3387	2.89
3388	2.89
3389	2.89
3390	2.89
3391	2.885
3392	2.885
3393	2.88
3394	2.88
3395	2.88
3396	2.88
3397	2.875
3398	2.875
3399	2.875
3400	2.87
3401	2.87
3402	2.87
3403	2.87
3404	2.87
3405	2.865
3406	2.865
3407	2.865
3408	2.86
3409	2.86
3410	2.86
3411	2.86
3412	2.855
3413	2.855
3414	2.855
3415	2.855
3416	2.855
3417	2.85
3418	2.85
3419	2.85
3420	2.85
3421	2.85
3422	2.85
3423	2.85
3424	2.845
3425	2.845
3426	2.845
3427	2.845
3428	2.84
3429	2.84
3430	2.84
3431	2.84
3432	2.84
3433	2.835
3434	2.835
3435	2.835
3436	2.835
3437	2.835
3438	2.835
3439	2.83
3440	2.83
3441	2.83
3442	2.83
3443	2.83
3444	2.83
3445	2.825
3446	2.825
3447	2.825
3448	2.825
3449	2.825
3450	2.82
3451	2.82
3452	2.82
3453	2.82
3454	2.82
3455	2.82
3456	2.82
3457	2.815
3458	2.815
3459	2.815
3460	2.815
3461	2.815
3462	2.81
3463	2.81
3464	2.81
3465	2.81
3466	2.81
3467	2.81
3468	2.81
3469	2.81
3470	2.81
3471	2.805
3472	2.805
3473	2.805
3474	2.805
3475	2.805
3476	2.8
3477	2.8
3478	2.8
3479	2.8
3480	2.8
3481	2.8
3482	2.8
3483	2.8
3484	2.795
3485	2.795
3486	2.795
3487	2.79
3488	2.79
3489	2.79
3490	2.79
3491	2.79
3492	2.79
3493	2.79
3494	2.79
3495	2.79
3496	2.79
3497	2.785
3498	2.785
3499	2.785
3500	2.785
3501	2.785
3502	2.78
3503	2.78
3504	2.78
3505	2.78
3506	2.78
3507	2.78
3508	2.78
3509	2.775
3510	2.775
3511	2.775
3512	2.775
3513	2.775
3514	2.775
3515	2.77
3516	2.77
3517	2.77
3518	2.77
3519	2.77
3520	2.77
3521	2.77
3522	2.77
3523	2.77
3524	2.765
3525	2.765
3526	2.765
3527	2.765
3528	2.765
3529	2.76
3530	2.76
3531	2.76
3532	2.76
3533	2.76
3534	2.76
3535	2.76
3536	2.76
3537	2.755
3538	2.755
3539	2.755
3540	2.755
3541	2.755
3542	2.75
3543	2.75
3544	2.75
3545	2.75
3546	2.75
3547	2.75
3548	2.75
3549	2.75
3550	2.75
3551	2.745
3552	2.745
3553	2.745
3554	2.745
3555	2.74
3556	2.74
3557	2.74
3558	2.74
3559	2.74
3560	2.74
3561	2.74
3562	2.735
3563	2.735
3564	2.735
3565	2.735
3566	2.735
3567	2.735
3568	2.73
3569	2.73
3570	2.73
3571	2.73
3572	2.73
3573	2.73
3574	2.73
3575	2.73
3576	2.725
3577	2.725
3578	2.725
3579	2.725
3580	2.72
3581	2.72
3582	2.72
3583	2.72
3584	2.72
3585	2.72
3586	2.72
3587	2.715
3588	2.715
3589	2.715
3590	2.715
3591	2.71
3592	2.71
3593	2.71
3594	2.71
3595	2.71
3596	2.71
3597	2.71
3598	2.71
3599	2.705
3600	2.705
3601	2.705
3602	2.705
3603	2.7
3604	2.7
3605	2.7
3606	2.7
3607	2.695
3608	2.7
3609	2.695
3610	2.695
3611	2.695
3612	2.695
3613	2.695
3614	2.69
3615	2.69
3616	2.69
3617	2.69
3618	2.69
3619	2.69
3620	2.685
3621	2.685
3622	2.685
3623	2.685
3624	2.68
3625	2.68
3626	2.68
3627	2.68
3628	2.68
3629	2.675
3630	2.675
3631	2.675
3632	2.675
3633	2.67
3634	2.67
3635	2.67
3636	2.67
3637	2.67
3638	2.665
3639	2.665
3640	2.665
3641	2.665
3642	2.66
3643	2.66
3644	2.66
3645	2.66
3646	2.655
3647	2.655
3648	2.655
3649	2.655
3650	2.65
3651	2.65
3652	2.65
3653	2.65
3654	2.65
3655	2.645
3656	2.645
3657	2.645
3658	2.645
3659	2.64
3660	2.64
3661	2.64
3662	2.64
3663	2.635
3664	2.635
3665	2.63
3666	2.63
3667	2.63
3668	2.63
3669	2.63
3670	2.625
3671	2.625
3672	2.625
3673	2.62
3674	2.62
3675	2.62
3676	2.615
3677	2.615
3678	2.615
3679	2.61
3680	2.61
3681	2.61
3682	2.61
3683	2.61
3684	2.605
3685	2.605
3686	2.6
3687	2.6
3688	2.6
3689	2.595
3690	2.595
3691	2.595
3692	2.59
3693	2.59
3694	2.59
3695	2.585
3696	2.585
3697	2.585
3698	2.58
3699	2.58
3700	2.58
3701	2.575
3702	2.575
3703	2.575
3704	2.57
3705	2.57
3706	2.57
3707	2.565
3708	2.565
3709	2.56
3710	2.56
3711	2.56
3712	2.555
3713	2.555
3714	2.55
3715	2.55
3716	2.55
3717	2.545
3718	2.545
3719	2.54
3720	2.54
3721	2.535
3722	2.535
3723	2.53
3724	2.53
3725	2.53
3726	2.525
3727	2.525
3728	2.52
3729	2.52
3730	2.515
3731	2.51
3732	2.51
3733	2.51
3734	2.505
3735	2.505
3736	2.5
3737	2.5
3738	2.495
3739	2.49
3740	2.49
3741	2.49
3742	2.485
3743	2.48
3744	2.48
3745	2.475
3746	2.47
3747	2.47
3748	2.465
3749	2.465
3750	2.46
3751	2.455
3752	2.45
3753	2.45
3754	2.445
3755	2.44
3756	2.44
3757	2.435
3758	2.43
3759	2.425
3760	2.42
3761	2.42
3762	2.415
3763	2.41
3764	2.405
3765	2.4
3766	2.395
3767	2.39
3768	2.385
3769	2.38
3770	2.375
3771	2.37
3772	2.36
3773	2.355
3774	2.35
3775	2.345
3776	2.335
3777	2.33
3778	2.32
3779	2.31
3780	2.305
3781	2.295
3782	2.285
3783	2.275
3784	2.265
3785	2.25
3786	2.24
3787	2.225
3788	2.21
3789	2.195
3790	2.175
3791	2.155
3792	2.13
3793	2.105
3794	2.075
3795	2.035
3796	1.99
3797	1.93
3798	1.865
3799	1.792
3800	1.727
3801	1.671
3802	1.622
3803	1.576
3804	1.533
3805	1.492
3806	1.452
3807	1.414
3808	1.376
3809	1.34
3810	1.303
3811	1.267
3812	1.232
3813	1.197
3814	1.164
3815	1.131
3816	1.099
3817	1.068
3818	1.037
3819	1.007
3820	0.977
3821	0.947
3822	0.918
3823	0.888
3824	0.858
3825	0.827
3826	0.797
3827	0.765
3828	0.733
3829	0.699
3830	0.665
3831	0.628
3832	0.59
3833	0.55
3834	0.507
3835	0.461
3836	0.412
3837	0.359
3838	0.304
3839	0.244
3840	0.182
3841	0.118
3842	0.055
3843	-0.006
3843	2.55
3844	2.63
3845	2.7
3846	2.77
3847	2.835
3848	2.895
3849	2.955
3850	3.01
3851	3.055
3852	3.1
3853	3.14
3854	3.175
3855	3.21
3856	3.235
3857	3.26
3858	3.285
3859	3.305
3860	3.325
3861	3.34
3862	3.36
3863	3.375
3864	3.39
3865	3.405
3866	3.415
3867	3.43
3868	3.44
3869	3.45
3870	3.455
3871	3.465
3872	3.47
3873	3.475
3874	3.48
3875	3.485
3876	3.49
3877	3.49
3878	3.49
3879	3.49
3880	3.49
3881	3.495
3882	3.495
3883	3.495
3884	3.495
3885	3.495
3886	3.49
3887	3.495
3888	3.49
3889	3.49
3890	3.49
3891	3.49
3892	3.49
3893	3.49
3894	3.49
3895	3.49
3896	3.49
3897	3.49
3898	3.49
3899	3.49
3900	3.49
3901	3.49
3902	3.49
3903	3.485
3904	3.485
3905	3.485
3906	3.485
3907	3.485
3908	3.485
3909	3.485
3910	3.48
3911	3.48
3912	3.48
3913	3.48
3914	3.48
3915	3.48
3916	3.48
3917	3.48
3918	3.48
3919	3.48
3920	3.475
3921	3.475
3922	3.475
3923	3.475
3924	3.475
3925	3.475
3926	3.47
3927	3.47
3928	3.47
3929	3.47
3930	3.47
3931	3.47
3932	3.47
3933	3.47
3934	3.47
3935	3.47
3936	3.47
3937	3.47
3938	3.465
3939	3.465
3940	3.465
3941	3.465
3942	3.465
3943	3.465
3944	3.46
3945	3.46
3946	3.46
3947	3.46
3948	3.46
3949	3.46
3950	3.46
3951	3.46
3952	3.46
3953	3.46
3954	3.46
3955	3.455
3956	3.455
3957	3.455
3958	3.455
3959	3.455
3960	3.455
3961	3.455
3962	3.455
3963	3.455
3964	3.455
3965	3.455
3966	3.45
3967	3.45
3968	3.45
3969	3.45
3970	3.45
3971	3.45
3972	3.45
3973	3.45
3974	3.45
3975	3.45
3976	3.45
3977	3.45
3978	3.45
3979	3.45
3980	3.445
3981	3.445
3982	3.445
3983	3.445
3984	3.445
3985	3.445
3986	3.445
3987	3.445
3988	3.445
3989	3.445
3990	3.445
3991	3.445
3992	3.445
3993	3.44
3994	3.44
3995	3.44
3996	3.44
3997	3.44
3998	3.44
3999	3.44
4000	3.44
4001	3.44
4002	3.44
4003	3.44
4004	3.44
4005	3.44
4006	3.44
4007	3.44
4008	3.44
4009	3.44
4010	3.435
4011	3.435
4012	3.435
4013	3.435
4014	3.435
4015	3.435
4016	3.435
4017	3.435
4018	3.435
4019	3.435
4020	3.435
4021	3.435
4022	3.435
4023	3.435
4024	3.435
4025	3.43
4026	3.435
4027	3.43
4028	3.43
4029	3.43
4030	3.43
4031	3.43
4032	3.43
4033	3.43
4034	3.43
4035	3.43
4036	3.43
4037	3.43
4038	3.43
4039	3.43
4040	3.43
4041	3.43
4042	3.43
4043	3.43
4044	3.43
4045	3.43
4046	3.43
4047	3.43
4048	3.43
4049	3.43
4050	3.43
4051	3.43
4052	3.43
4053	3.43
4054	3.43
4055	3.43
4056	3.425
4057	3.43
4058	3.425
4059	3.425
4060	3.425
4061	3.425
4062	3.425
4063	3.425
4064	3.425
4065	3.425
4066	3.425
4067	3.425
4068	3.425
4069	3.425
4070	3.425
4071	3.425
4072	3.425
4073	3.425
4074	3.425
4075	3.425
4076	3.425
4077	3.425
4078	3.425
4079	3.425
4080	3.425
4081	3.425
4082	3.425
4083	3.425
4084	3.42
4085	3.42
4086	3.425
4087	3.425
4088	3.42
4089	3.42
4090	3.42
4091	3.42
4092	3.42
4093	3.42
4094	3.42
4095	3.42
4096	3.42
4097	3.42
4098	3.42
4099	3.42
4100	3.42
4101	3.42
4102	3.42
4103	3.42
4104	3.42
4105	3.42
4106	3.42
4107	3.42
4108	3.42
4109	3.42
4110	3.42
4111	3.42
4112	3.42
4113	3.42
4114	3.42
4115	3.42
4116	3.42
4117	3.42
4118	3.42
4119	3.42
4120	3.42
4121	3.42
4122	3.42
4123	3.42
4124	3.42
4125	3.42
4126	3.42
4127	3.42
4128	3.42
4129	3.42
4130	3.415
4131	3.415
4132	3.415
4133	3.42
4134	3.415
4135	3.42
4136	3.415
4137	3.415
4138	3.415
4139	3.415
4140	3.415
4141	3.415
4142	3.415
4143	3.415
4144	3.415
4145	3.415
4146	3.415
4147	3.415
4148	3.415
4149	3.415
4150	3.415
4151	3.415
4152	3.415
4153	3.415
4154	3.415
4155	3.415
4156	3.415
4157	3.415
4158	3.415
4159	3.415
4160	3.415
4161	3.415
4162	3.415
4163	3.415
4164	3.415
4165	3.415
4166	3.415
4167	3.415
4168	3.415
4169	3.415
4170	3.415
4171	3.415
4172	3.415
4173	3.415
4174	3.415
4175	3.415
4176	3.415
4177	3.415
4178	3.415
4179	3.415
4180	3.415
4181	3.415
4182	3.415
4183	3.415
4184	3.415
4185	3.415
4186	3.415
4187	3.415
4188	3.415
4189	3.415
4190	3.415
4191	3.415
4192	3.415
4193	3.415
4194	3.415
4195	3.415
4196	3.415
4197	3.415
4198	3.415
4199	3.415
4200	3.41
4201	3.415
4202	3.415
4203	3.415
4204	3.415
4205	3.41
4206	3.415
4207	3.41
4208	3.41
4209	3.415
4210	3.415
4211	3.41
4212	3.415
4213	3.41
4214	3.415
4215	3.415
4216	3.41
4217	3.41
4218	3.41
4219	3.415
4220	3.41
4221	3.41
4222	3.415
4223	3.41
4224	3.41
4225	3.41
4226	3.41
4227	3.41
4228	3.41
4229	3.41
4230	3.41
4231	3.41
4232	3.41
4233	3.41
4234	3.41
4235	3.41
4236	3.41
4237	3.41
4238	3.41
4239	3.41
4240	3.41
4241	3.41
4242	3.41
4243	3.41
4244	3.41
4245	3.41
4246	3.41
4247	3.41
4248	3.41
4249	3.41
4250	3.41
4251	3.41
4252	3.41
4253	3.41
4254	3.41
4255	3.41
4256	3.41
4257	3.41
4258	3.41
4259	3.41
4260	3.41
4261	3.41
4262	3.41
4263	3.41
4264	3.41
4265	3.41
4266	3.41
4267	3.41
4268	3.41
4269	3.41
4270	3.41
4271	3.41
4272	3.41
4273	3.41
4274	3.41
4275	3.41
4276	3.41
4277	3.41
4278	3.41
4279	3.41
4280	3.41
4281	3.41
4282	3.41
4283	3.41
4284	3.41
4285	3.41
4286	3.41
4287	3.41
4288	3.41
4289	3.41
4290	3.41
4291	3.41
4292	3.41
4293	3.41
4294	3.41
4295	3.41
4296	3.41
4297	3.41
4298	3.41
4299	3.41
4300	3.41
4301	3.41
4302	3.41
4303	3.41
4304	3.41
4305	3.41
4306	3.41
4307	3.41
4308	3.41
4309	3.41
4310	3.41
4311	3.41
4312	3.41
4313	3.41
4314	3.41
4315	3.41
4316	3.41
4317	3.41
4318	3.41
4319	3.41
4320	3.41
4321	3.41
4322	3.41
4323	3.41
4324	3.41
4325	3.41
4326	3.41
4327	3.41
4328	3.41
4329	3.41
4330	3.41
4331	3.41
4332	3.41
4333	3.41
4334	3.41
4335	3.41
4336	3.41
4337	3.41
4338	3.41
4339	3.41
4340	3.41
4341	3.41
4342	3.41
4343	3.41
4344	3.05
4345	3.03
4346	3.01
4347	3
4348	2.985
4349	2.975
4350	2.97
4351	2.96
4352	2.95
4353	2.945
4354	2.94
4355	2.935
4356	2.93
4357	2.925
4358	2.92
4359	2.92
4360	2.915
4361	2.915
4362	2.91
4363	2.91
4364	2.905
4365	2.905
4366	2.9
4367	2.9
4368	2.895
4369	2.895
4370	2.895
4371	2.89
4372	2.89
4373	2.89
4374	2.89
4375	2.885
4376	2.885
4377	2.88
4378	2.88
4379	2.88
4380	2.88
4381	2.875
4382	2.875
4383	2.87
4384	2.87
4385	2.87
4386	2.87
4387	2.87
4388	2.87
4389	2.865
4390	2.865
4391	2.865
4392	2.865
4393	2.86
4394	2.86
4395	2.86
4396	2.86
4397	2.855
4398	2.855
4399	2.855
4400	2.855
4401	2.85
4402	2.85
4403	2.85
4404	2.85
4405	2.85
4406	2.85
4407	2.85
4408	2.85
4409	2.845
4410	2.845
4411	2.845
4412	2.84
4413	2.84
4414	2.84
4415	2.84
4416	2.84
4417	2.84
4418	2.835
4419	2.835
4420	2.835
4421	2.835
4422	2.835
4423	2.835
4424	2.83
4425	2.83
4426	2.83
4427	2.83
4428	2.83
4429	2.83
4430	2.83
4431	2.825
4432	2.825
4433	2.825
4434	2.825
4435	2.825
4436	2.82
4437	2.82
4438	2.82
4439	2.82
4440	2.82
4441	2.82
4442	2.815
4443	2.815
4444	2.815
4445	2.815
4446	2.815
4447	2.815
4448	2.81
4449	2.81
4450	2.81
4451	2.81
4452	2.81
4453	2.81
4454	2.81
4455	2.81
4456	2.805
4457	2.805
4458	2.805
4459	2.805
4460	2.805
4461	2.8
4462	2.8
4463	2.8
4464	2.8
4465	2.8
4466	2.8
4467	2.8
4468	2.8
4469	2.795
4470	2.795
4471	2.795
4472	2.795
4473	2.795
4474	2.79
4475	2.79
4476	2.79
4477	2.79
4478	2.79
4479	2.79
4480	2.79
4481	2.79
4482	2.79
4483	2.785
4484	2.785
4485	2.785
4486	2.785
4487	2.78
4488	2.78
4489	2.78
4490	2.78
4491	2.78
4492	2.78
4493	2.78
4494	2.78
4495	2.775
4496	2.775
4497	2.775
4498	2.775
4499	2.775
4500	2.775
4501	2.775
4502	2.77
4503	2.77
4504	2.77
4505	2.77
4506	2.77
4507	2.77
4508	2.77
4509	2.77
4510	2.765
4511	2.765
4512	2.765
4513	2.765
4514	2.765
4515	2.76
4516	2.76
4517	2.76
4518	2.76
4519	2.76
4520	2.76
4521	2.76
4522	2.76
4523	2.755
4524	2.755
4525	2.755
4526	2.755
4527	2.755
4528	2.75
4529	2.75
4530	2.75
4531	2.75
4532	2.75
4533	2.75
4534	2.75
4535	2.75
4536	2.75
4537	2.745
4538	2.745
4539	2.745
4540	2.745
4541	2.745
4542	2.74
4543	2.74
4544	2.74
4545	2.74
4546	2.74
4547	2.74
4548	2.735
4549	2.735
4550	2.735
4551	2.735
4552	2.735
4553	2.735
4554	2.73
4555	2.73
4556	2.73
4557	2.73
4558	2.73
4559	2.73
4560	2.73
4561	2.73
4562	2.725
4563	2.725
4564	2.725
4565	2.725
4566	2.725
4567	2.72
4568	2.72
4569	2.72
4570	2.72
4571	2.72
4572	2.72
4573	2.715
4574	2.715
4575	2.715
4576	2.715
4577	2.71
4578	2.71
4579	2.71
4580	2.71
4581	2.71
4582	2.71
4583	2.71
4584	2.705
4585	2.705
4586	2.705
4587	2.705
4588	2.7
4589	2.7
4590	2.7
4591	2.7
4592	2.7
4593	2.7
4594	2.695
4595	2.695
4596	2.695
4597	2.695
4598	2.695
4599	2.69
4600	2.69
4601	2.69
4602	2.69
4603	2.69
4604	2.69
4605	2.69
4606	2.685
4607	2.685
4608	2.685
4609	2.68
4610	2.68
4611	2.68
4612	2.68
4613	2.68
4614	2.675
4615	2.675
4616	2.675
4617	2.675
4618	2.675
4619	2.67
4620	2.67
4621	2.67
4622	2.67
4623	2.67
4624	2.665
4625	2.665
4626	2.665
4627	2.66
4628	2.66
4629	2.66
4630	2.66
4631	2.66
4632	2.655
4633	2.655
4634	2.655
4635	2.65
4636	2.65
4637	2.65
4638	2.65
4639	2.65
4640	2.65
4641	2.645
4642	2.645
4643	2.645
4644	2.64
4645	2.64
4646	2.64
4647	2.64
4648	2.635
4649	2.635
4650	2.635
4651	2.63
4652	2.63
4653	2.63
4654	2.63
4655	2.625
4656	2.625
4657	2.625
4658	2.62
4659	2.62
4660	2.62
4661	2.615
4662	2.615
4663	2.615
4664	2.615
4665	2.61
4666	2.61
4667	2.61
4668	2.61
4669	2.605
4670	2.605
4671	2.6
4672	2.6
4673	2.6
4674	2.595
4675	2.595
4676	2.595
4677	2.59
4678	2.59
4679	2.59
4680	2.59
4681	2.585
4682	2.585
4683	2.58
4684	2.58
4685	2.58
4686	2.575
4687	2.575
4688	2.57
4689	2.57
4690	2.57
4691	2.57
4692	2.565
4693	2.565
4694	2.56
4695	2.56
4696	2.56
4697	2.555
4698	2.55
4699	2.55
4700	2.55
4701	2.545
4702	2.545
4703	2.54
4704	2.54
4705	2.54
4706	2.535
4707	2.535
4708	2.53
4709	2.53
4710	2.53
4711	2.525
4712	2.525
4713	2.52
4714	2.52
4715	2.515
4716	2.515
4717	2.51
4718	2.51
4719	2.505
4720	2.505
4721	2.5
4722	2.5
4723	2.495
4724	2.495
4725	2.49
4726	2.49
4727	2.485
4728	2.48
4729	2.48
4730	2.475
4731	2.47
4732	2.47
4733	2.465
4734	2.465
4735	2.46
4736	2.455
4737	2.455
4738	2.45
4739	2.45
4740	2.445
4741	2.44
4742	2.435
4743	2.43
4744	2.43
4745	2.425
4746	2.42
4747	2.415
4748	2.41
4749	2.41
4750	2.405
4751	2.4
4752	2.395
4753	2.39
4754	2.385
4755	2.38
4756	2.37
4757	2.37
4758	2.36
4759	2.355
4760	2.35
4761	2.34
4762	2.335
4763	2.33
4764	2.32
4765	2.31
4766	2.305
4767	2.295
4768	2.285
4769	2.275
4770	2.265
4771	2.255
4772	2.245
4773	2.23
4774	2.215
4775	2.2
4776	2.185
4777	2.17
4778	2.145
4779	2.12
4780	2.09
4781	2.05
4782	2
4783	1.94
4784	1.865
4785	1.792
4786	1.727
4787	1.674
4788	1.626
4789	1.581
4790	1.537
4791	1.495
4792	1.455
4793	1.416
4794	1.378
4795	1.341
4796	1.304
4797	1.267
4798	1.231
4799	1.195
4800	1.161
4801	1.127
4802	1.094
4803	1.061
4804	1.03
4805	0.999
4806	0.968
4807	0.938
4808	0.907
4809	0.876
4810	0.846
4811	0.814
4812	0.783
4813	0.751
4814	0.718
4815	0.684
4816	0.649
4817	0.612
4818	0.574
4819	0.533
4820	0.49
4821	0.443
4822	0.394
4823	0.342
4824	0.287
4825	0.229
4826	0.169
4827	0.107
4828	0.044
4829	-0.018
